Site Date Time Alt_(m) pH Alk_(uEq/L) Temp_(degC) [Ca]_(mg/L) EpCO2_rough EpCO2_less_rough EpCO2_less_rough_incl_CO3 EpCO2_accurate EpCO2_accurate_corr_alt Charge_balance Total_[Ca]_(M/L) CaCO3_sat_(Log) k0_pCO2-H2CO3 k1_H2CO3-HCO3 k2_HCO3-CO3 k3_CaHCO3 k4_CaCO3(0) k5_CaOH+ k6_H2O k7_CaCO3(SO) OH H2CO3 HCO3 CO3 Ca2+ CaHCO3 CaCO3 CaOH+ root(I) gamma1 gamma2 [HCO3-]_mM [CO32-]_mM [H2CO3]_mM [CaHCO3+]_mM [CaCO3]_mM [HCO3-]_mg/L [CO32-]_mg/L [H2CO3]_mg/L [CaHCO3+]_mg/L [CaCO3]_mg/L [C]_in_HCO3-_mg/L [C]_in_[CO32-]_mg/L [C]_in_H2CO3_mg/L [C]_in_CaHCO3_mg/L [C]_in_CaCO3_mg/L Tot_DIC_mg/L DIC_HCO3_% DIC_CO3_% DIC_H2CO3_% DIC_CaHCO3_% DIC_CaCO3_% Tot_DIC_%
Neal_Table5_Line_1 09/09/2014 09:00 0.0 8.29 3930.00 12.2 0.00 3.839 3.369 3.316 3.436 3.436 -1.2e-09 0.000e+00 nan 5.031e-02 3.506e-07 3.439e-11 1.435e-01 9.296e-04 3.981e-02 3.493e-15 3.869e-09 6.811e-07 5.466e-05 3.737e-03 2.506e-05 0.000e+00 0.000e+00 0.000e+00 0.000e+00 4.69e-02 0.965 0.868 3.87 0.03 0.05 0.00 0.00 236.17 1.73 3.39 0.00 0.00 46.46 0.35 0.66 0.00 0.00 47.46 97.9 0.7 1.4 0.00 0.00 100.0
Neal_Table5_Line_2 09/09/2014 10:00 0.0 8.38 3880.00 10.6 0.00 3.081 2.656 2.607 2.701 2.701 -5.2e-09 0.000e+00 nan 5.301e-02 3.388e-07 3.289e-11 1.507e-01 9.477e-04 3.981e-02 3.034e-15 3.912e-09 7.279e-07 4.529e-05 3.680e-03 2.904e-05 0.000e+00 0.000e+00 0.000e+00 0.000e+00 4.67e-02 0.965 0.869 3.81 0.03 0.05 0.00 0.00 232.56 2.01 2.81 0.00 0.00 45.75 0.40 0.54 0.00 0.00 46.69 98.0 0.9 1.2 0.00 0.00 100.0
Neal_Table5_Line_3 09/09/2014 11:00 0.0 8.21 3970.00 13.6 0.00 4.663 4.156 4.101 4.249 4.249 2.8e-09 0.000e+00 nan 4.810e-02 3.608e-07 3.571e-11 1.375e-01 9.125e-04 3.981e-02 3.944e-15 3.826e-09 6.396e-07 6.464e-05 3.782e-03 2.191e-05 0.000e+00 0.000e+00 0.000e+00 0.000e+00 4.71e-02 0.965 0.868 3.92 0.03 0.06 0.00 0.00 239.05 1.51 4.01 0.00 0.00 47.03 0.30 0.78 0.00 0.00 48.10 97.8 0.6 1.6 0.00 0.00 100.0
Neal_Table5_Line_4 09/09/2014 12:00 0.0 8.31 4010.00 18.0 0.00 3.741 3.510 3.445 3.578 3.578 -1.6e-09 0.000e+00 nan 4.202e-02 3.914e-07 3.993e-11 1.201e-01 8.520e-04 3.981e-02 5.712e-15 3.670e-09 1.166e-06 4.755e-05 3.799e-03 3.097e-05 0.000e+00 0.000e+00 0.000e+00 0.000e+00 4.74e-02 0.965 0.867 3.94 0.04 0.05 0.00 0.00 240.18 2.14 2.95 0.00 0.00 47.25 0.43 0.57 0.00 0.00 48.25 97.9 0.9 1.2 0.00 0.00 100.0
Neal_Table5_Line_5 09/09/2014 13:00 0.0 8.24 3850.00 16.6 0.00 4.220 3.894 3.834 3.982 3.982 -9.7e-09 0.000e+00 nan 4.382e-02 3.819e-07 3.858e-11 1.254e-01 8.722e-04 3.981e-02 5.086e-15 3.723e-09 8.838e-07 5.518e-05 3.662e-03 2.455e-05 0.000e+00 0.000e+00 0.000e+00 0.000e+00 4.65e-02 0.966 0.869 3.79 0.03 0.06 0.00 0.00 231.35 1.69 3.42 0.00 0.00 45.51 0.34 0.66 0.00 0.00 46.51 97.8 0.7 1.4 0.00 0.00 100.0
Neal_Table5_Line_6 09/09/2014 14:00 0.0 8.42 3890.00 15.2 0.00 2.817 2.558 2.500 2.594 2.594 1.2e-09 0.000e+00 nan 4.575e-02 3.721e-07 3.724e-11 1.309e-01 8.916e-04 3.981e-02 4.521e-15 3.773e-09 1.189e-06 3.753e-05 3.674e-03 3.598e-05 0.000e+00 0.000e+00 0.000e+00 0.000e+00 4.68e-02 0.965 0.868 3.81 0.04 0.04 0.00 0.00 232.16 2.49 2.33 0.00 0.00 45.67 0.50 0.45 0.00 0.00 46.62 98.0 1.1 1.0 0.00 0.00 100.0
Neal_Table5_Line_7 09/09/2014 15:00 0.0 8.32 3940.00 17.0 0.00 3.592 3.331 3.269 3.394 3.394 -1.6e-10 0.000e+00 nan 4.330e-02 3.846e-07 3.896e-11 1.239e-01 8.665e-04 3.981e-02 5.258e-15 3.708e-09 1.099e-06 4.647e-05 3.734e-03 3.040e-05 0.000e+00 0.000e+00 0.000e+00 0.000e+00 4.70e-02 0.965 0.868 3.87 0.04 0.05 0.00 0.00 236.00 2.10 2.88 0.00 0.00 46.43 0.42 0.56 0.00 0.00 47.40 97.9 0.9 1.2 0.00 0.00 100.0
Neal_Table5_Line_8 09/09/2014 16:00 0.0 8.17 3930.00 17.8 0.00 5.061 4.738 4.673 4.855 4.855 -1.3e-09 0.000e+00 nan 4.227e-02 3.900e-07 3.973e-11 1.209e-01 8.549e-04 3.981e-02 5.619e-15 3.677e-09 8.310e-07 6.490e-05 3.744e-03 2.200e-05 0.000e+00 0.000e+00 0.000e+00 0.000e+00 4.69e-02 0.965 0.868 3.88 0.03 0.06 0.00 0.00 236.59 1.52 4.02 0.00 0.00 46.54 0.30 0.78 0.00 0.00 47.62 97.7 0.6 1.6 0.00 0.00 100.0
Neal_Table5_Line_9 09/09/2014 17:00 0.0 8.01 3680.00 16.6 0.00 6.850 6.322 6.264 6.508 6.508 -3.9e-09 0.000e+00 nan 4.382e-02 3.819e-07 3.858e-11 1.254e-01 8.722e-04 3.981e-02 5.086e-15 3.723e-09 5.204e-07 9.019e-05 3.524e-03 1.391e-05 0.000e+00 0.000e+00 0.000e+00 0.000e+00 4.55e-02 0.966 0.871 3.65 0.02 0.09 0.00 0.00 222.50 0.96 5.59 0.00 0.00 43.77 0.19 1.08 0.00 0.00 45.04 97.2 0.4 2.4 0.00 0.00 100.0
Neal_Table5_Line_10 09/09/2014 18:00 0.0 8.20 3970.00 15.3 0.00 4.771 4.337 4.278 4.436 4.436 3.5e-09 0.000e+00 nan 4.561e-02 3.729e-07 3.733e-11 1.305e-01 8.903e-04 3.981e-02 4.560e-15 3.770e-09 7.226e-07 6.398e-05 3.781e-03 2.237e-05 0.000e+00 0.000e+00 0.000e+00 0.000e+00 4.71e-02 0.965 0.868 3.92 0.03 0.06 0.00 0.00 238.98 1.55 3.97 0.00 0.00 47.01 0.31 0.77 0.00 0.00 48.09 97.8 0.6 1.6 0.00 0.00 100.0
ThamesWallingford 24/01/2007 10:48 55.0 7.95 4722.84 4.3 119.40 10.094 8.137 8.091 8.134 8.187 -3.6e-09 2.985e-03 0.897 6.592e-02 2.909e-07 2.719e-11 1.828e-01 1.001e-03 3.981e-02 1.703e-15 4.024e-09 1.518e-07 1.696e-04 4.396e-03 1.065e-05 2.982e-03 2.396e-06 3.181e-11 1.802e-11 9.20e-02 0.937 0.770 4.69 0.01 0.17 0.00 0.00 286.24 0.83 10.51 0.16 0.00 56.31 0.17 2.03 0.03 0.00 58.54 96.2 0.3 3.5 0.05 0.00 100.0
ThamesWallingford 31/01/2007 09:36 55.0 7.97 4699.80 7.0 127.00 9.592 7.954 7.903 7.924 7.976 2.4e-09 3.175e-03 0.982 5.990e-02 3.116e-07 2.959e-11 1.683e-01 9.821e-04 3.981e-02 2.191e-15 3.988e-09 2.045e-07 1.501e-04 4.366e-03 1.206e-05 3.173e-03 2.330e-06 3.756e-11 2.583e-11 9.40e-02 0.936 0.767 4.67 0.02 0.15 0.00 0.00 284.60 0.94 9.31 0.15 0.00 55.99 0.19 1.80 0.03 0.00 58.01 96.5 0.3 3.1 0.05 0.00 100.0
ThamesWallingford 07/02/2007 07:12 55.0 8.06 4421.70 4.0 127.80 7.336 5.896 5.853 5.879 5.917 -9.4e-09 3.195e-03 1.003 6.664e-02 2.886e-07 2.693e-11 1.845e-01 1.003e-03 3.981e-02 1.656e-15 4.027e-09 1.901e-07 1.239e-04 4.105e-03 1.269e-05 3.192e-03 2.417e-06 4.064e-11 2.416e-11 9.35e-02 0.936 0.767 4.39 0.02 0.12 0.00 0.00 267.54 0.99 7.68 0.16 0.00 52.63 0.20 1.49 0.03 0.00 54.35 96.8 0.4 2.7 0.06 0.00 100.0
